- Problema a280

{"code":[1,241,242,240,239,238,237,236,235,234,233,232,231,230,245,244,243,246,249,250,229,228,227,226,225,224,223,222,218,221,220,219,216,217,214,215,212,213,210,211,206,209,208,207,205,204,203,202,201,199,143,144,198,197,200,195,194,193,196,192,191,190,189,188,187,186,185,184,183,182,181,180,175,179,178,149,177,176,150,151,155,152,154,153,128,129,130,19,20,127,126,125,29,124,123,122,121,120,119,118,156,157,158,159,174,160,161,162,163,164,165,166,167,168,169,170,171,172,173,106,105,104,103,102,101,100,99,98,97,96,95,94,93,92,91,90,89,88,108,107,109,111,110,113,112,86,83,82,87,81,80,79,78,77,76,74,75,73,72,71,70,69,68,67,66,65,64,84,85,115,114,116,117,60,61,62,63,57,56,55,54,53,52,51,50,49,48,47,46,45,44,43,58,59,42,41,40,39,38,37,36,35,34,33,32,31,30,28,27,26,25,21,24,22,23,13,14,12,11,10,9,8,7,6,5,4,3,276,275,274,273,272,271,270,15,16,17,18,131,132,133,269,268,134,135,267,266,136,137,138,148,147,146,145,142,141,140,139,265,264,263,262,261,260,259,258,257,256,253,252,251,254,255,248,247,277,278,2,279,0],"value":2585}


- Problema d657

{"code":[250,242,226,224,207,208,214,219,227,221,232,241,247,251,260,268,252,270,276,300,310,320,326,350,369,365,377,386,387,430,435,436,422,397,388,370,364,349,348,342,325,321,309,308,334,324,323,340,346,361,372,391,398,389,400,404,415,421,439,437,420,438,416,409,390,399,371,347,341,345,335,322,317,307,298,290,289,269,237,231,235,210,190,196,206,218,209,217,240,234,239,230,220,238,262,253,261,271,263,264,303,299,293,288,275,287,292,294,254,248,236,225,215,204,157,165,187,181,180,186,191,195,198,199,197,185,178,172,168,155,140,132,115,101,116,130,128,129,137,142,162,164,156,163,138,131,117,141,5,6,78,79,64,60,53,4,3,2,1,0,12,11,10,8,9,7,41,39,36,35,33,32,24,21,14,15,28,20,16,17,13,18,19,22,444,445,447,446,443,441,440,23,25,26,31,30,27,29,40,50,54,49,44,45,63,68,73,77,84,74,93,98,97,91,102,114,118,119,113,103,85,72,65,57,52,48,55,59,69,86,92,99,120,139,148,169,171,170,161,147,149,154,177,184,179,166,158,150,153,143,151,167,176,192,188,146,134,123,110,96,100,107,111,106,122,112,121,105,104,90,70,58,46,42,38,37,34,469,43,468,466,464,458,462,463,442,449,448,453,450,452,451,454,461,465,470,467,460,459,455,473,456,457,475,476,479,478,477,474,520,519,521,527,526,525,522,524,530,533,523,529,531,532,535,534,536,537,538,539,540,541,542,544,545,546,547,548,550,549,543,551,556,559,528,512,513,516,517,518,515,514,484,488,487,481,480,485,486,490,496,498,497,494,491,482,472,471,483,67,56,62,51,47,61,66,71,80,81,75,82,76,83,89,94,108,88,87,95,109,144,145,127,124,505,506,125,135,126,504,502,499,493,489,492,495,500,501,503,507,136,133,508,509,510,159,511,567,570,566,557,555,554,553,558,563,565,560,564,561,562,552,628,629,630,631,632,633,635,634,636,637,638,639,640,641,642,643,644,646,645,647,648,649,650,651,652,653,627,568,569,571,572,626,654,655,656,575,579,585,584,583,576,577,573,574,578,582,586,581,202,201,200,194,183,173,182,189,205,203,193,174,160,152,175,211,244,233,249,277,291,272,274,283,286,256,267,282,285,278,281,265,245,222,216,212,213,580,229,246,257,266,258,273,280,296,297,306,592,279,589,598,600,601,595,591,596,597,594,588,587,590,593,599,603,604,609,614,621,623,625,624,427,426,408,622,620,618,617,616,615,613,619,612,611,602,608,605,606,610,607,337,356,331,355,360,330,319,302,295,301,316,336,343,354,375,380,383,381,393,418,428,417,411,382,367,362,353,344,338,332,329,315,314,313,328,339,352,363,359,366,368,374,376,379,384,392,429,434,433,412,407,403,394,385,396,395,402,406,413,425,410,419,424,431,432,423,414,405,401,378,373,358,351,357,333,327,311,318,312,305,304,284,259,255,243,223,228],"value":49917}


- Problema d1291

{"code":[261,260,298,381,14,13,12,11,10,9,8,7,6,5,4,3,2,1,0,28,27,26,25,24,23,22,21,20,19,18,17,16,15,42,41,40,39,38,37,36,35,34,33,32,29,30,31,52,53,54,55,56,57,58,59,60,61,62,63,64,65,66,67,68,69,70,43,44,45,46,47,48,49,50,51,80,81,82,83,84,86,85,87,88,89,90,91,92,79,78,77,76,75,74,73,72,71,97,98,96,95,94,93,99,100,101,102,103,104,105,106,107,108,109,110,111,112,114,113,115,116,117,118,119,120,121,122,123,125,124,126,746,745,700,699,655,654,609,610,611,608,653,656,698,701,744,747,748,743,702,697,657,652,612,607,606,613,651,658,696,703,742,749,797,802,824,829,844,849,873,872,850,843,830,823,803,796,795,804,822,831,842,851,871,878,893,898,916,921,938,947,959,968,975,985,997,1007,1006,998,984,976,967,960,946,939,940,945,961,966,977,983,999,1005,1004,1000,982,978,965,962,944,941,920,917,897,894,877,874,848,845,828,825,801,798,826,800,799,827,846,847,875,876,896,895,918,919,942,943,963,964,979,981,1001,1003,1002,980,154,153,152,151,127,128,129,131,130,133,132,134,135,136,137,138,139,140,141,142,143,144,145,146,147,148,149,150,158,157,156,155,159,160,161,162,163,164,165,166,167,168,169,170,171,172,173,174,175,176,177,178,179,180,181,182,183,184,185,186,187,188,189,190,191,192,193,194,195,196,197,198,199,200,201,202,203,204,205,206,207,208,209,210,211,1056,212,213,214,215,216,217,218,219,220,221,222,223,224,225,226,233,235,242,243,234,244,251,252,259,258,253,250,245,241,236,232,227,228,231,237,240,246,249,254,257,256,255,248,247,239,238,230,229,1154,1153,1152,1179,1178,1155,1151,1126,1125,1100,1099,1078,1077,1057,1055,1038,1037,1036,1039,1054,1058,1076,1079,1098,1101,1124,1127,1150,1156,1177,1180,1213,1212,1181,1176,1157,1149,1128,1123,1102,1097,1080,1075,1059,1053,1040,1035,1034,1041,1052,1060,1074,1081,1096,1103,1122,1129,1148,1158,1175,1182,1183,1174,1159,1147,1130,1121,1104,1095,1082,1073,1061,1051,1042,1033,1008,996,986,974,969,958,948,937,922,915,899,892,879,870,852,841,832,821,805,794,793,820,806,833,840,853,869,880,891,900,914,923,936,949,957,970,973,987,995,1009,1031,1044,1049,1063,1071,1084,1032,1043,1050,1062,1072,1083,1094,1105,1120,1131,1146,1160,1173,1184,1185,1172,1161,1145,1132,1119,1106,1093,1186,1171,1162,1144,1133,1118,1107,1092,1085,1070,1064,1048,1045,1030,1010,994,988,972,971,956,950,935,924,913,901,890,881,868,854,839,834,819,807,792,838,855,867,882,889,902,912,925,934,951,952,933,926,911,903,888,883,866,856,837,808,782,756,735,710,689,665,644,620,603,602,621,643,666,688,711,734,757,758,733,712,687,667,642,622,623,641,668,686,713,732,759,731,685,640,684,714,730,763,762,760,779,761,788,812,815,816,811,789,780,784,790,810,817,783,791,818,809,857,865,884,858,864,885,886,905,909,954,931,928,887,904,910,927,932,953,989,993,1013,1011,990,992,1012,1014,1016,1019,1021,1024,1028,1047,1017,1018,1020,1025,1029,1046,1090,1087,1068,1069,1086,1091,1108,1117,1134,1143,1163,1170,1187,1169,1188,1164,1142,1135,1116,1109,1141,1136,1115,1110,1089,1088,1111,1114,1137,1140,1166,1167,1190,1189,1168,1165,1193,1194,1139,1138,1067,1027,1113,1112,1192,1191,1211,1210,1209,1208,1215,1214,1195,1196,1197,1198,1199,1216,1217,1218,1219,1220,1221,1222,1223,1224,1225,1226,1207,1206,1205,1204,1203,1202,1201,1200,1066,1065,1022,1023,1026,1015,991,955,906,930,929,863,862,861,835,785,774,775,776,777,778,715,669,624,626,625,670,716,717,671,673,628,627,672,718,719,773,772,720,721,675,674,629,630,631,632,677,676,722,723,771,770,769,768,767,766,786,813,860,836,859,907,908,814,787,781,764,765,728,729,683,639,638,637,682,727,681,636,635,680,726,725,724,678,679,634,633,1290,1289,1288,1287,1286,1285,1284,1283,1282,1281,1280,1279,1278,1277,1276,1275,1274,1273,1272,1271,1270,1269,1268,1267,1266,1265,1264,341,342,343,340,1263,1262,1261,1260,339,1259,1258,338,344,345,346,337,1257,1256,1255,1254,1253,1252,335,347,336,348,334,1251,1250,1249,349,350,333,1248,1247,1245,1246,332,351,352,331,1244,1243,1241,1242,330,353,329,1240,1239,354,356,355,328,1238,1237,327,1236,1235,1234,1233,326,357,325,1232,1231,358,324,1230,1229,1228,323,322,1227,321,318,363,382,383,362,319,320,361,384,385,360,359,386,425,424,423,422,491,490,497,496,495,492,493,494,548,549,550,551,601,578,577,547,552,520,519,489,475,474,488,518,521,546,553,576,579,600,599,580,575,554,545,522,517,516,523,544,555,574,581,598,619,645,664,690,709,736,755,754,737,708,691,663,646,618,604,617,647,662,692,707,738,753,752,739,706,693,661,648,616,605,615,649,660,694,705,740,751,750,741,704,695,659,650,614,594,585,570,559,540,527,584,595,571,558,541,526,542,557,572,583,596,597,582,573,556,543,524,515,514,525,513,512,500,498,511,539,560,528,501,510,415,456,443,432,403,405,392,413,434,441,465,458,484,485,464,459,440,435,412,406,391,388,407,390,408,411,436,439,460,463,486,487,462,461,438,437,410,409,389,504,505,506,533,534,565,566,589,590,591,588,567,564,532,535,507,587,592,593,586,569,568,536,563,531,508,503,502,509,530,562,537,529,561,538,499,483,466,457,442,404,414,433,482,467,481,468,444,455,431,416,402,401,417,430,445,454,469,480,453,446,429,418,400,393,394,399,419,428,447,452,471,470,479,478,477,472,451,476,473,450,449,426,421,397,396,448,427,420,398,395,387,364,365,315,297,317,316,296,295,294,293,314,292,291,290,289,288,312,367,366,313,368,311,369,285,286,287,284,310,370,371,308,280,279,309,283,282,281,372,307,278,277,373,306,276,275,271,375,374,305,274,273,272,304,376,303,270,269,268,267,302,377,378,301,266,265,299,380,379,300,264,263,262],"value":56828}
